0, 1, 2, 3, 4, 5, 6, 7, 8, 9, 10, 11, 12, 13, 14, 15, 16, 17, 18, 19, 20, 21, 22, 23, 24, 25, 26
0, 0, 0, 0, 0, 0, 0, 0, 0, 0, 0, 0, 0, 0, 0, 0, 0, 0, 0, 0, 0, 0, 0, 0, 0, 0, 0
0, 0, 0, 1, 1, 1, 1, 2, 2, 2, 2, 2, 3, 3, 3, 3, 4, 4, 5, 5, 5, 6, 6, 7, 8, 9, 9, 10, 10, 11, 12, 12, 12, 12, 12, 13, 13, 13, 15, 15, 15, 15, 16, 16, 16, 16, 17, 18, 19, 19, 19, 21, 23, 24, 25, 25
1, 3, 26, 2, 3, 9, 10, 3, 4, 9, 10, 14, 4, 5, 8, 10, 5, 6, 6, 7, 8, 7, 8, 8, 26, 10, 11, 11, 12, 12, 13, 14, 15, 16, 19, 14, 16, 17, 19, 22, 23, 24, 17, 18, 19, 20, 18, 20, 20, 21, 22, 22, 24, 27, 26, 27

0, 1, 2, 3, 4, 5, 6, 7, 8, 9, 10, 11, 12, 13, 14, 15, 16, 17, 18, 19, 20, 21, 22, 23, 24, 25, 26, 27, 28, 29
0, 0, 0, 0, 0, 0, 0, 0, 0, 0, 0, 0, 0, 0, 0, 0, 0, 0, 0, 0, 0, 0, 0, 0, 0, 0, 0, 0, 0, 0
0, 0, 1, 1, 1, 2, 2, 2, 2, 2, 2, 3, 3, 3, 3, 3, 4, 4, 4, 4, 4, 5, 5, 5, 6, 6, 6, 7, 8, 10, 12, 12, 13, 14, 14, 14, 14, 14, 15, 15, 15, 15, 16, 16, 17, 17, 17, 18, 18, 19, 21, 21, 22, 22, 22, 22, 23, 24, 25, 25, 25, 27
1, 3, 2, 3, 12, 3, 4, 5, 11, 12, 19, 4, 5, 6, 9, 12, 5, 6, 7, 10, 11, 6, 7, 8, 7, 8, 9, 8, 9, 11, 13, 14, 14, 15, 19, 21, 22, 25, 17, 19, 22, 23, 17, 18, 18, 19, 23, 19, 20, 20, 25, 28, 23, 24, 25, 26, 24, 26, 26, 27, 28, 28

0, 1, 2, 3, 4, 5, 6, 7, 8, 9, 10, 11, 12, 13, 14, 15, 16, 17, 18, 19, 20, 21, 22, 23, 24, 25, 26
0, 0, 0, 0, 0, 0, 0, 0, 0, 0, 0, 0, 0, 0, 0, 0, 0, 0, 0, 0, 0, 0, 0, 0, 0, 0, 0
0, 0, 0, 1, 1, 1, 1, 2, 2, 2, 2, 3, 3, 3, 3, 4, 4, 5, 5, 5, 6, 6, 6, 7, 8, 9, 10, 10, 10, 11, 11, 12, 12, 12, 12, 14, 15, 15, 16, 16, 16, 16, 17, 18, 19, 19, 19, 21, 22, 22, 24, 24, 25
1, 3, 25, 2, 3, 10, 14, 3, 4, 10, 13, 4, 5, 9, 10, 5, 6, 6, 8, 9, 7, 8, 9, 8, 9, 25, 11, 12, 14, 12, 14, 13, 15, 16, 19, 15, 19, 23, 17, 18, 19, 20, 18, 20, 20, 22, 23, 22, 23, 26, 25, 26, 26

0, 1, 2, 3, 4, 5, 6, 7, 8, 9, 10, 11, 12, 13, 14, 15, 16, 17, 18, 19, 20, 21, 22, 23, 24, 25, 26
0, 0, 0, 0, 0, 0, 0, 0, 0, 0, 0, 0, 0, 0, 0, 0, 0, 0, 0, 0, 0, 0, 0, 0, 0, 0, 0
0, 2, 2, 2, 2, 3, 4, 4, 4, 5, 5, 6, 6, 7, 9, 11, 11, 12, 13, 13, 16, 18, 19, 23
1, 3, 4, 5, 6, 4, 5, 6, 8, 6, 8, 7, 8, 8, 10, 13, 15, 17, 14, 15, 17, 19, 20, 24

0, 1, 2, 3, 4, 5, 6, 7, 8, 9, 10, 11, 12, 13, 14, 15, 16, 17, 18, 19, 20, 21, 22, 23, 24, 25, 26, 27, 28, 29, 30, 31, 32, 33, 34, 35, 36, 37
0, 0, 0, 0, 0, 0, 0, 0, 0, 0, 0, 0, 0, 0, 0, 0, 0, 0, 0, 0, 0, 0, 0, 0, 0, 0, 0, 0, 0, 0, 0, 0, 0, 0, 0, 0, 0, 0
1, 3, 3, 3, 3, 3, 3, 4, 5, 5, 6, 8, 8, 8, 9, 9, 9, 10, 10, 11, 11, 12, 14, 14, 15, 17, 19, 19, 19, 19, 20, 20, 20, 21, 21, 22, 24, 24, 24, 24, 25, 26, 27, 28, 30, 34, 34, 35
2, 4, 5, 6, 7, 8, 10, 5, 6, 7, 7, 9, 10, 11, 10, 11, 18, 11, 18, 12, 18, 18, 15, 16, 16, 18, 20, 21, 22, 31, 21, 22, 23, 22, 23, 23, 25, 26, 27, 28, 26, 27, 28, 29, 31, 35, 36, 36

0, 1, 2, 3, 4, 5, 6, 7, 8, 9, 10, 11, 12, 13, 14, 15, 16, 17, 18, 19, 20, 21, 22, 23, 24, 25, 26, 27, 28, 29, 30, 31, 32, 33, 34, 35
0, 0, 0, 0, 0, 0, 0, 0, 0, 0, 0, 0, 0, 0, 0, 0, 0, 0, 0, 0, 0, 0, 0, 0, 0, 0, 0, 0, 0, 0, 0, 0, 0, 0, 0, 0
1, 3, 3, 3, 3, 3, 4, 5, 5, 6, 8, 8, 9, 10, 12, 12, 13, 16, 16, 16, 17, 17, 18, 20, 20, 20, 21, 21, 21, 21, 22, 23, 24, 25, 27, 31, 31, 31, 32, 32, 33
2, 4, 5, 6, 7, 8, 5, 6, 7, 7, 9, 10, 10, 11, 13, 14, 14, 17, 18, 28, 18, 19, 19, 21, 22, 23, 22, 23, 24, 25, 23, 24, 25, 26, 28, 32, 33, 34, 33, 34, 34
