1, 1, 1, 2, 2, 2, 2, 2, 3, 3, 3, 3, 3, 3, 4, 4, 4, 4, 4, 4, 4, 5, 5, 5, 5, 6, 6, 6, 6, 6, 7, 7, 7, 7, 8, 8, 8, 9, 9, 9, 9, 9, 10, 10, 10, 10, 11, 11, 11, 11, 11, 11, 12, 12, 12, 13, 13, 13, 13, 13, 13, 13, 14, 14, 14, 14, 15, 15, 15, 16, 16, 16, 16, 16, 17, 17, 17, 17, 17, 17, 18, 18, 18, 19, 19, 19, 20, 20, 20, 20, 20, 20, 21, 21, 21, 22, 22, 23, 23, 23, 24, 24, 25, 25, 25, 26, 26, 27, 27, 27, 28, 28, 0, 1, 0, 2, 0, 3, 0, 4, 0, 5, 0, 6, 0, 7, 0, 8, 0, 9, 0, 10, 0, 11, 0, 12, 0, 13, 0, 14, 0, 15, 0, 16, 0, 17, 0, 18, 0, 19, 0, 20, 0, 21, 0, 22, 0, 23, 0, 24, 0, 25, 0, 26, 0, 27, 0, 28
2, 4, 27, 1, 3, 4, 10, 11, 2, 4, 5, 10, 11, 15, 1, 2, 3, 5, 6, 9, 11, 3, 4, 6, 7, 4, 5, 7, 8, 9, 5, 6, 8, 9, 6, 7, 9, 4, 6, 7, 8, 27, 2, 3, 11, 12, 2, 3, 4, 10, 12, 13, 10, 11, 13, 11, 12, 14, 15, 16, 17, 20, 13, 15, 17, 18, 3, 13, 14, 13, 20, 23, 24, 25, 13, 14, 18, 19, 20, 21, 14, 17, 19, 17, 18, 21, 13, 16, 17, 21, 22, 23, 17, 19, 20, 20, 23, 16, 20, 22, 16, 25, 16, 24, 28, 27, 28, 1, 9, 26, 25, 26, 1, 0, 2, 0, 3, 0, 4, 0, 5, 0, 6, 0, 7, 0, 8, 0, 9, 0, 10, 0, 11, 0, 12, 0, 13, 0, 14, 0, 15, 0, 16, 0, 17, 0, 18, 0, 19, 0, 20, 0, 21, 0, 22, 0, 23, 0, 24, 0, 25, 0, 26, 0, 27, 0, 28, 0
1, 1, 2, 2, 2, 2, 3, 3, 3, 3, 3, 3, 3, 4, 4, 4, 4, 4, 4, 4, 4, 5, 5, 5, 5, 5, 5, 5, 6, 6, 6, 6, 6, 6, 7, 7, 7, 7, 7, 7, 8, 8, 8, 8, 9, 9, 9, 9, 10, 10, 10, 11, 11, 12, 12, 12, 13, 13, 13, 13, 13, 14, 14, 15, 15, 15, 15, 15, 15, 15, 16, 16, 16, 16, 16, 17, 17, 18, 18, 18, 18, 18, 19, 19, 19, 19, 20, 20, 20, 20, 20, 20, 21, 21, 22, 22, 22, 23, 23, 23, 23, 23, 23, 24, 24, 24, 24, 25, 25, 25, 26, 26, 26, 26, 26, 26, 27, 27, 27, 28, 28, 29, 29, 29, 0, 1, 0, 2, 0, 3, 0, 4, 0, 5, 0, 6, 0, 7, 0, 8, 0, 9, 0, 10, 0, 11, 0, 12, 0, 13, 0, 14, 0, 15, 0, 16, 0, 17, 0, 18, 0, 19, 0, 20, 0, 21, 0, 22, 0, 23, 0, 24, 0, 25, 0, 26, 0, 27, 0, 28, 0, 29, 0, 30
2, 4, 1, 3, 4, 13, 2, 4, 5, 6, 12, 13, 20, 1, 2, 3, 5, 6, 7, 10, 13, 3, 4, 6, 7, 8, 11, 12, 3, 4, 5, 7, 8, 9, 4, 5, 6, 8, 9, 10, 5, 6, 7, 9, 6, 7, 8, 10, 4, 7, 9, 5, 12, 3, 5, 11, 2, 3, 4, 14, 15, 13, 15, 13, 14, 16, 20, 22, 23, 26, 15, 18, 20, 23, 24, 18, 19, 16, 17, 19, 20, 24, 17, 18, 20, 21, 3, 15, 16, 18, 19, 21, 19, 20, 15, 26, 29, 15, 16, 24, 25, 26, 27, 16, 18, 23, 25, 23, 24, 27, 15, 22, 23, 27, 28, 29, 23, 25, 26, 26, 29, 22, 26, 28, 1, 0, 2, 0, 3, 0, 4, 0, 5, 0, 6, 0, 7, 0, 8, 0, 9, 0, 10, 0, 11, 0, 12, 0, 13, 0, 14, 0, 15, 0, 16, 0, 17, 0, 18, 0, 19, 0, 20, 0, 21, 0, 22, 0, 23, 0, 24, 0, 25, 0, 26, 0, 27, 0, 28, 0, 29, 0, 30, 0
1, 1, 1, 2, 2, 2, 2, 2, 3, 3, 3, 3, 3, 4, 4, 4, 4, 4, 4, 4, 5, 5, 5, 5, 6, 6, 6, 6, 6, 7, 7, 7, 7, 7, 8, 8, 9, 9, 9, 9, 10, 10, 10, 10, 10, 11, 11, 11, 11, 11, 11, 12, 12, 12, 13, 13, 13, 13, 13, 13, 14, 14, 15, 15, 15, 15, 16, 16, 16, 16, 17, 17, 17, 17, 17, 18, 18, 19, 19, 19, 20, 20, 20, 20, 20, 20, 21, 21, 21, 22, 23, 23, 23, 23, 24, 24, 24, 25, 25, 26, 26, 26, 26, 27, 27, 27, 0, 1, 0, 2, 0, 3, 0, 4, 0, 5, 0, 6, 0, 7, 0, 8, 0, 9, 0, 10, 0, 11, 0, 12, 0, 13, 0, 14, 0, 15, 0, 16, 0, 17, 0, 18, 0, 19, 0, 20, 0, 21, 0, 22, 0, 23, 0, 24, 0, 25, 0, 26, 0, 27
2, 4, 26, 1, 3, 4, 11, 15, 2, 4, 5, 11, 14, 1, 2, 3, 5, 6, 10, 11, 3, 4, 6, 7, 4, 5, 7, 9, 10, 5, 6, 8, 9, 10, 7, 9, 6, 7, 8, 10, 4, 6, 7, 9, 26, 2, 3, 4, 12, 13, 15, 11, 13, 15, 11, 12, 14, 16, 17, 20, 3, 13, 2, 11, 12, 16, 13, 15, 20, 24, 13, 18, 19, 20, 21, 17, 19, 17, 18, 21, 13, 16, 17, 21, 23, 24, 17, 19, 20, 23, 20, 22, 24, 27, 16, 20, 23, 26, 27, 1, 10, 25, 27, 23, 25, 26, 1, 0, 2, 0, 3, 0, 4, 0, 5, 0, 6, 0, 7, 0, 8, 0, 9, 0, 10, 0, 11, 0, 12, 0, 13, 0, 14, 0, 15, 0, 16, 0, 17, 0, 18, 0, 19, 0, 20, 0, 21, 0, 22, 0, 23, 0, 24, 0, 25, 0, 26, 0, 27, 0
2, 3, 4, 4, 4, 4, 5, 5, 6, 6, 6, 6, 6, 7, 7, 7, 7, 8, 8, 8, 8, 8, 9, 9, 10, 10, 10, 10, 11, 12, 13, 13, 14, 15, 15, 15, 16, 17, 17, 18, 19, 19, 20, 21, 21, 22, 25, 26, 0, 1, 0, 2, 0, 3, 0, 4, 0, 5, 0, 6, 0, 7, 0, 8, 0, 9, 0, 10, 0, 11, 0, 12, 0, 13, 0, 14, 0, 15, 0, 16, 0, 17, 0, 18, 0, 19, 0, 20, 0, 21, 0, 22, 0, 23, 0, 24, 0, 25, 0, 26, 0, 27
3, 2, 5, 6, 7, 8, 4, 6, 4, 5, 7, 8, 10, 4, 6, 8, 10, 4, 6, 7, 9, 10, 8, 10, 6, 7, 8, 9, 12, 11, 15, 17, 19, 13, 16, 17, 15, 13, 15, 19, 14, 18, 21, 20, 22, 21, 26, 25, 1, 0, 2, 0, 3, 0, 4, 0, 5, 0, 6, 0, 7, 0, 8, 0, 9, 0, 10, 0, 11, 0, 12, 0, 13, 0, 14, 0, 15, 0, 16, 0, 17, 0, 18, 0, 19, 0, 20, 0, 21, 0, 22, 0, 23, 0, 24, 0, 25, 0, 26, 0, 27, 0
2, 3, 4, 4, 4, 4, 4, 4, 5, 5, 6, 6, 6, 6, 7, 7, 7, 8, 8, 8, 9, 9, 9, 9, 10, 10, 10, 10, 11, 11, 11, 11, 11, 12, 12, 12, 12, 12, 13, 13, 15, 15, 16, 16, 17, 17, 18, 19, 19, 19, 19, 19, 20, 20, 20, 20, 21, 21, 21, 21, 22, 22, 22, 22, 23, 23, 23, 23, 24, 24, 24, 25, 25, 25, 25, 26, 26, 27, 27, 27, 28, 28, 28, 29, 29, 29, 30, 31, 32, 32, 35, 35, 36, 36, 37, 37, 0, 1, 0, 2, 0, 3, 0, 4, 0, 5, 0, 6, 0, 7, 0, 8, 0, 9, 0, 10, 0, 11, 0, 12, 0, 13, 0, 14, 0, 15, 0, 16, 0, 17, 0, 18, 0, 19, 0, 20, 0, 21, 0, 22, 0, 23, 0, 24, 0, 25, 0, 26, 0, 27, 0, 28, 0, 29, 0, 30, 0, 31, 0, 32, 0, 33, 0, 34, 0, 35, 0, 36, 0, 37, 0, 38
3, 2, 5, 6, 7, 8, 9, 11, 4, 6, 4, 5, 7, 8, 4, 6, 8, 4, 6, 7, 4, 10, 11, 12, 9, 11, 12, 19, 4, 9, 10, 12, 19, 9, 10, 11, 13, 19, 12, 19, 16, 17, 15, 17, 15, 16, 19, 10, 11, 12, 13, 18, 21, 22, 23, 32, 20, 22, 23, 24, 20, 21, 23, 24, 20, 21, 22, 24, 21, 22, 23, 26, 27, 28, 29, 25, 27, 25, 26, 28, 25, 27, 29, 25, 28, 30, 29, 32, 20, 31, 36, 37, 35, 37, 35, 36, 1, 0, 2, 0, 3, 0, 4, 0, 5, 0, 6, 0, 7, 0, 8, 0, 9, 0, 10, 0, 11, 0, 12, 0, 13, 0, 14, 0, 15, 0, 16, 0, 17, 0, 18, 0, 19, 0, 20, 0, 21, 0, 22, 0, 23, 0, 24, 0, 25, 0, 26, 0, 27, 0, 28, 0, 29, 0, 30, 0, 31, 0, 32, 0, 33, 0, 34, 0, 35, 0, 36, 0, 37, 0, 38, 0
2, 3, 4, 4, 4, 4, 4, 5, 5, 6, 6, 6, 6, 7, 7, 7, 8, 8, 8, 9, 9, 9, 10, 10, 11, 11, 11, 12, 13, 13, 14, 14, 15, 15, 17, 17, 17, 18, 18, 18, 19, 19, 19, 20, 20, 21, 21, 21, 22, 22, 22, 22, 22, 23, 23, 23, 24, 24, 24, 24, 25, 25, 25, 26, 26, 26, 27, 28, 29, 29, 32, 32, 32, 33, 33, 33, 34, 34, 34, 35, 35, 35, 0, 1, 0, 2, 0, 3, 0, 4, 0, 5, 0, 6, 0, 7, 0, 8, 0, 9, 0, 10, 0, 11, 0, 12, 0, 13, 0, 14, 0, 15, 0, 16, 0, 17, 0, 18, 0, 19, 0, 20, 0, 21, 0, 22, 0, 23, 0, 24, 0, 25, 0, 26, 0, 27, 0, 28, 0, 29, 0, 30, 0, 31, 0, 32, 0, 33, 0, 34, 0, 35, 0, 36
3, 2, 5, 6, 7, 8, 9, 4, 6, 4, 5, 7, 8, 4, 6, 8, 4, 6, 7, 4, 10, 11, 9, 11, 9, 10, 12, 11, 14, 15, 13, 15, 13, 14, 18, 19, 29, 17, 19, 20, 17, 18, 20, 18, 19, 22, 23, 24, 21, 23, 24, 25, 26, 21, 22, 24, 21, 22, 23, 25, 22, 24, 26, 22, 25, 27, 26, 29, 17, 28, 33, 34, 35, 32, 34, 35, 32, 33, 35, 32, 33, 34, 1, 0, 2, 0, 3, 0, 4, 0, 5, 0, 6, 0, 7, 0, 8, 0, 9, 0, 10, 0, 11, 0, 12, 0, 13, 0, 14, 0, 15, 0, 16, 0, 17, 0, 18, 0, 19, 0, 20, 0, 21, 0, 22, 0, 23, 0, 24, 0, 25, 0, 26, 0, 27, 0, 28, 0, 29, 0, 30, 0, 31, 0, 32, 0, 33, 0, 34, 0, 35, 0, 36, 0
